$ 1 0.000005 10.20027730826997 50 5 43 5e-11
w 272 192 352 192 0
34 zener-9 0 2e-10 0.084 2.19 7 0
z 272 320 272 192 2 zener-9
g 448 336 448 368 0 0
x 544 237 574 240 4 24 Rh
t 384 192 448 192 0 1 -5.000658148999377 0.6634524626486824 100 default
x 475 294 505 297 4 24 R5
g 528 320 528 352 0 0
r 528 208 528 320 0 5000
w 496 208 448 208 0
r 448 208 448 336 0 500
x 205 304 235 307 4 24 R3
x 129 198 159 201 4 24 R4
R 80 144 80 96 0 0 40 12 0 0 0.5
r 80 144 80 240 0 1000
r 80 240 80 368 0 1000
g 80 368 80 400 0 0
t 128 240 176 240 0 1 -1.0858794993389669 0.5329292102501784 100 default
r 176 256 176 320 0 60000
g 176 352 176 432 0 0
174 176 160 208 224 1 1000 0.9950000000000001 Resistance
w 80 144 176 144 0
w 176 144 176 160 0
w 208 192 272 192 0
w 176 144 176 128 0
x 38 178 68 181 4 24 R1
x 30 341 60 344 4 24 R2
g 128 368 128 400 0 0
34 zener-7 0 2e-10 0.084 2.19 6 0
z 128 368 128 240 2 zener-7
w 80 240 112 240 0
x 287 264 313 267 4 24 d2
x 134 335 160 338 4 24 d1
370 352 192 384 192 1 0 0
370 496 208 528 208 1 0 0
w 448 176 448 128 0
w 80 144 16 144 0
w 80 240 16 240 0
w 80 368 16 368 0
p 16 144 16 240 1 0 0
p 16 240 16 368 1 0 0
w 176 128 272 128 0
w 272 128 448 128 0
370 176 320 176 352 1 0 0
g 272 320 272 352 0 0
p 208 192 208 240 1 0 0
g 208 240 208 272 0 0
g 112 288 112 320 0 0
p 112 240 112 288 1 0 0
w 112 240 128 240 0
38 7 F1 0 1 5000 -1 Rh
